var BA6375324projectlimits = {
  "type": "FeatureCollection",
  "features": [
    {
      "type": "Feature",
      "geometry": {
        "type": "LineString",
        "coordinates": [
          [
            -76.6546907476786,
            39.72101783927199
          ],
          [
            -76.64895601155236,
            39.713215586334194
          ],
          [
            -76.642253442894,
            39.7040914838941
          ],
          [
            -76.64211769332576,
            39.703916210324245
          ],
          [
            -76.64198790134178,
            39.703738285129326
          ],
          [
            -76.64186415435815,
            39.703557828123486
          ],
          [
            -76.64174653571955,
            39.703374960826835
          ],
          [
            -76.64163512464326,
            39.70318980638348
          ],
          [
            -76.64152999616563,
            39.70300248947873
          ],
          [
            -76.64143122109164,
            39.70281313625514
          ],
          [
            -76.64133886594722,
            39.7026218742276
          ],
          [
            -76.64125299293441,
            39.7024288321975
          ],
          [
            -76.64117365988943,
            39.70223414016604
          ],
          [
            -76.64110092024386,
            39.702037929246664
          ],
          [
            -76.64103482298849,
            39.70184033157683
          ],
          [
            -76.64097541264039,
            39.70164148022903
          ],
          [
            -76.640922729213,
            39.70144150912123
          ],
          [
            -76.64087680818912,
            39.70124055292663
          ],
          [
            -76.64083768049692,
            39.70103874698307
          ],
          [
            -76.64080537248931,
            39.70083622720184
          ],
          [
            -76.640779905926,
            39.70063312997618
          ],
          [
            -76.64076129795895,
            39.700429592089435
          ],
          [
            -76.6407495611208,
            39.700225750622934
          ],
          [
            -76.6407447033164,
            39.700021742863704
          ],
          [
            -76.64074672781759,
            39.69981770621195
          ],
          [
            -76.6407556332608,
            39.69961377808861
          ],
          [
            -76.64077141364811,
            39.69941009584267
          ],
          [
            -76.64079405835132,
            39.699206796658814
          ],
          [
            -76.64082355211902,
            39.69900401746486
          ],
          [
            -76.64085987508686,
            39.69880189483963
          ],
          [
            -76.64090300279102,
            39.698600564920966
          ],
          [
            -76.64095290618461,
            39.6984001633139
          ],
          [
            -76.64100955165718,
            39.698200824999425
          ],
          [
            -76.64107290105754,
            39.69800268424353
          ],
          [
            -76.64114291171927,
            39.69780587450669
          ],
          [
            -76.64121953648956,
            39.69761052835404
          ],
          [
            -76.64130272376092,
            39.697416777365966
          ],
          [
            -76.64289517853138,
            39.69282639867841
          ],
          [
            -76.64353691310015,
            39.69136326594178
          ],
          [
            -76.64458270402612,
            39.68777845902652
          ],
          [
            -76.6446556443997,
            39.687531528111386
          ],
          [
            -76.64472191930389,
            39.68728348612003
          ],
          [
            -76.644781500273,
            39.68703443957744
          ],
          [
            -76.64483436171642,
            39.686784495441174
          ],
          [
            -76.6448804809297,
            39.68653376105544
          ],
          [
            -76.64491983810416,
            39.68628234410505
          ],
          [
            -76.64495241633553,
            39.68603035256909
          ],
          [
            -76.64497820163116,
            39.68577789467462
          ],
          [
            -76.64499718291601,
            39.685525078850205
          ],
          [
            -76.64500935203748,
            39.685272013679295
          ],
          [
            -76.64501470376877,
            39.68501880785365
          ],
          [
            -76.64501323581128,
            39.684765570126636
          ],
          [
            -76.64500494879549,
            39.684512409266496
          ],
          [
            -76.64498984628077,
            39.68425943400968
          ],
          [
            -76.64496793475381,
            39.68400675301411
          ],
          [
            -76.64493922362578,
            39.68375447481249
          ],
          [
            -76.64446386407789,
            39.678925383878976
          ],
          [
            -76.64444576590587,
            39.6786520846178
          ],
          [
            -76.64443415346932,
            39.67837857553317
          ],
          [
            -76.64442903063878,
            39.678104947785634
          ],
          [
            -76.64443039912166,
            39.6778312925764
          ],
          [
            -76.6444382584619,
            39.67755770111686
          ],
          [
            -76.64445260603988,
            39.6772842645983
          ],
          [
            -76.64447343707347,
            39.67701107416143
          ],
          [
            -76.64450074461955,
            39.67673822086599
          ],
          [
            -76.64453451957633,
            39.67646579566046
          ],
          [
            -76.64457475068633,
            39.67619388935168
          ],
          [
            -76.6446214245403,
            39.6759225925746
          ],
          [
            -76.64467452558148,
            39.675651995762074
          ],
          [
            -76.64473403611095,
            39.67538218911467
          ],
          [
            -76.6447999362934,
            39.67511326257064
          ],
          [
            -76.64487220416386,
            39.67484530577591
          ],
          [
            -76.64495081563494,
            39.67457840805416
          ],
          [
            -76.64503574450487,
            39.674312658377076
          ],
          [
            -76.64512696246629,
            39.67404814533468
          ],
          [
            -76.6452244391156,
            39.67378495710571
          ],
          [
            -76.64857572399218,
            39.66588149215332
          ],
          [
            -76.6513090403728,
            39.659660535894396
          ],
          [
            -76.65138887544762,
            39.65946908608852
          ],
          [
            -76.65147524224354,
            39.65927932351486
          ],
          [
            -76.65156808066172,
            39.65909138023527
          ],
          [
            -76.65166732610001,
            39.65890538704656
          ],
          [
            -76.65177290949788,
            39.658721473389456
          ],
          [
            -76.6518847573845,
            39.65853976725847
          ],
          [
            -76.65200279192985,
            39.65836039511278
          ],
          [
            -76.65212693099892,
            39.65818348178824
          ],
          [
            -76.65225708820877,
            39.658009150410365
          ],
          [
            -76.65239317298878,
            39.65783752230867
          ],
          [
            -76.65253509064354,
            39.65766871693214
          ],
          [
            -76.65268274241879,
            39.65750285176614
          ],
          [
            -76.6528360255702,
            39.65734004225048
          ],
          [
            -76.65299483343479,
            39.657180401699115
          ],
          [
            -76.65315905550511,
            39.657024041221206
          ],
          [
            -76.65332857750639,
            39.65687106964374
          ],
          [
            -76.65350328147562,
            39.65672159343574
          ],
          [
            -76.65368304584406,
            39.65657571663413
          ],
          [
            -76.65386774552167,
            39.656433540771225
          ],
          [
            -76.65405725198401,
            39.65629516480409
          ],
          [
            -76.65425143336194,
            39.65616068504557
          ],
          [
            -76.65445015453317,
            39.65603019509721
          ],
          [
            -76.65465327721643,
            39.65590378578404
          ],
          [
            -76.65486066006758,
            39.65578154509137
          ],
          [
            -76.65507215877808,
            39.655663558103434
          ],
          [
            -76.65528762617527,
            39.65554990694416
          ],
          [
            -76.65550691232491,
            39.65544067071996
          ],
          [
            -76.65572986463546,
            39.65533592546462
          ],
          [
            -76.65595632796419,
            39.6552357440863
          ],
          [
            -76.65618614472528,
            39.655140196316815
          ],
          [
            -76.65641915499941,
            39.65504934866297
          ],
          [
            -76.66195709164393,
            39.65254234410405
          ],
          [
            -76.66215740428449,
            39.65245105236342
          ],
          [
            -76.66235414113378,
            39.65235526180764
          ],
          [
            -76.6625471318064,
            39.65225505537833
          ],
          [
            -76.66273620916138,
            39.652150519841015
          ],
          [
            -76.66292120944682,
            39.65204174571003
          ],
          [
            -76.66310197244184,
            39.65192882717023
          ],
          [
            -76.66327834159534,
            39.65181186199553
          ],
          [
            -76.66345016416142,
            39.65169095146421
          ],
          [
            -76.66361729133196,
            39.651566200271304
          ],
          [
            -76.66377957836517,
            39.65143771643804
          ],
          [
            -76.66393688471113,
            39.651305611218284
          ],
          [
            -76.66408907413359,
            39.65116999900235
          ],
          [
            -76.6642360148277,
            39.6510309972179
          ],
          [
            -76.66437757953437,
            39.6508887262284
          ],
          [
            -76.66451364565046,
            39.65074330922892
          ],
          [
            -76.66464409533489,
            39.65059487213947
          ],
          [
            -76.66476881561073,
            39.65044354349608
          ],
          [
            -76.66488769846305,
            39.6502894543395
          ],
          [
            -76.66500064093246,
            39.65013273810179
          ],
          [
            -76.66510754520432,
            39.64997353049082
          ],
          [
            -76.66520831869339,
            39.649811969372806
          ],
          [
            -76.66530287412398,
            39.64964819465295
          ],
          [
            -76.66539112960572,
            39.64948234815435
          ],
          [
            -76.66547300870427,
            39.64931457349523
          ],
          [
            -76.6655484405076,
            39.649145015964585
          ],
          [
            -76.66561735968746,
            39.64897382239641
          ],
          [
            -76.667827781895,
            39.64331871234401
          ],
          [
            -76.67106022524192,
            39.63711402883054
          ],
          [
            -76.67117532385664,
            39.636922364895824
          ],
          [
            -76.6712841577497,
            39.636728542150806
          ],
          [
            -76.6713866587441,
            39.636532681994545
          ],
          [
            -76.67148276262998,
            39.63633490710327
          ],
          [
            -76.6715724092048,
            39.63613534135352
          ],
          [
            -76.67165554231119,
            39.63593410974465
          ],
          [
            -76.67173210987187,
            39.635731338320504
          ],
          [
            -76.67180206392254,
            39.635527154090546
          ],
          [
            -76.67186536064176,
            39.635321684950284
          ],
          [
            -76.67192196037846,
            39.635115059601226
          ],
          [
            -76.67197182767678,
            39.63490740747024
          ],
          [
            -76.67201493129828,
            39.634698858628504
          ],
          [
            -76.67205124424147,
            39.63448954371013
          ],
          [
            -76.6720807437588,
            39.634279593830215
          ],
          [
            -76.67210341137083,
            39.63406914050283
          ],
          [
            -76.67211923287783,
            39.63385831555861
          ],
          [
            -76.67212819836874,
            39.633647251062186
          ],
          [
            -76.67213030222727,
            39.63343607922941
          ],
          [
            -76.67212554313551,
            39.63322493234466
          ],
          [
            -76.67211392407471,
            39.63301394267783
          ],
          [
            -76.6720954523234,
            39.632803242401565
          ],
          [
            -76.67207013945287,
            39.63259296350844
          ],
          [
            -76.6720380013199,
            39.63238323772825
          ],
          [
            -76.67199905805685,
            39.63217419644546
          ],
          [
            -76.67195333405904,
            39.63196597061697
          ],
          [
            -76.67190085796935,
            39.63175869068995
          ],
          [
            -76.6718416626605,
            39.63155248652019
          ],
          [
            -76.67177578521431,
            39.63134748729071
          ],
          [
            -76.67170326689846,
            39.63114382143079
          ],
          [
            -76.67162415314078,
            39.630941616535495
          ],
          [
            -76.67153849350055,
            39.63074099928572
          ],
          [
            -76.67144634163773,
            39.63054209536883
          ],
          [
            -76.67134775527913,
            39.630345029399834
          ],
          [
            -76.67124279618238,
            39.6301499248433
          ],
          [
            -76.67113153009716,
            39.629956903936026
          ],
          [
            -76.66419128152133,
            39.616848843289624
          ],
          [
            -76.66407715006551,
            39.616640786696955
          ],
          [
            -76.66395660822944,
            39.616434885954895
          ],
          [
            -76.66382972461622,
            39.61623125826601
          ],
          [
            -76.66369657143822,
            39.616030019540084
          ],
          [
            -76.66355722447598,
            39.615831284327996
          ],
          [
            -76.66341176303501,
            39.615635165756565
          ],
          [
            -76.66326026990077,
            39.61544177546409
          ],
          [
            -76.66310283129147,
            39.61525122353674
          ],
          [
            -76.66293953680903,
            39.61506361844585
          ],
          [
            -76.66277047938809,
            39.61487906698619
          ],
          [
            -76.66259575524307,
            39.61469767421506
          ],
          [
            -76.66241546381349,
            39.61451954339247
          ],
          [
            -76.66222970770735,
            39.614344775922326
          ],
          [
            -76.66203859264272,
            39.61417347129465
          ],
          [
            -76.6618422273875,
            39.61400572702889
          ],
          [
            -76.66164072369767,
            39.61384163861838
          ],
          [
            -76.66143419625364,
            39.61368129947593
          ],
          [
            -76.66112263183422,
            39.61337476317857
          ],
          [
            -76.66081575680853,
            39.61306543092015
          ],
          [
            -76.66051361340993,
            39.61275334523514
          ],
          [
            -76.66021624322072,
            39.61243854903713
          ],
          [
            -76.65992368716623,
            39.61212108561305
          ],
          [
            -76.65963598550925,
            39.611800998617184
          ],
          [
            -76.65935317784452,
            39.6114783320652
          ],
          [
            -76.65907530309318,
            39.61115313032808
          ],
          [
            -76.65880239949753,
            39.610825438126085
          ],
          [
            -76.65853450461572,
            39.61049530052256
          ],
          [
            -76.65844740128503,
            39.610311824618876
          ],
          [
            -76.65836668591537,
            39.61012662244145
          ],
          [
            -76.65829241602414,
            39.609939825951294
          ],
          [
            -76.6582246445358,
            39.60975156824647
          ],
          [
            -76.65816341974407,
            39.60956198346731
          ],
          [
            -76.65810878527743,
            39.60937120670082
          ],
          [
            -76.65806078006824,
            39.60917937388448
          ],
          [
            -76.65801943832477,
            39.60898662170937
          ],
          [
            -76.65798478950701,
            39.60879308752283
          ],
          [
            -76.65795685830554,
            39.608598909230565
          ],
          [
            -76.65793566462405,
            39.60840422519842
          ],
          [
            -76.65792122356505,
            39.60820917415377
          ],
          [
            -76.65791354541922,
            39.608013895086714
          ],
          [
            -76.65791263565794,
            39.607818527150975
          ],
          [
            -76.6579184949295,
            39.60762320956483
          ],
          [
            -76.65793111905863,
            39.6074280815118
          ],
          [
            -76.6579504990494,
            39.607233282041555
          ],
          [
            -76.65797662109175,
            39.60703894997079
          ],
          [
            -76.65800946657116,
            39.60684522378427
          ],
          [
            -76.65804901208212,
            39.60665224153617
          ],
          [
            -76.65809522944461,
            39.606460140751665
          ],
          [
            -76.65814808572438,
            39.60626905832891
          ],
          [
            -76.65820754325622,
            39.606079130441465
          ],
          [
            -76.65827355967095,
            39.60589049244125
          ],
          [
            -76.65834608792551,
            39.605703278762036
          ],
          [
            -76.65842507633658,
            39.60551762282363
          ],
          [
            -76.65851046861735,
            39.60533365693678
          ],
          [
            -76.6586022039176,
            39.60515151220882
          ],
          [
            -76.65870021686712,
            39.60497131845025
          ],
          [
            -76.65880443762228,
            39.60479320408214
          ],
          [
            -76.65891479191579,
            39.604617296044616
          ],
          [
            -76.66333563465537,
            39.59840914285241
          ],
          [
            -76.6635003856428,
            39.598244448599424
          ],
          [
            -76.66367074559874,
            39.59808317755854
          ],
          [
            -76.66384659475072,
            39.59792544313643
          ],
          [
            -76.66402780946727,
            39.59777135625356
          ],
          [
            -76.66421426234444,
            39.59762102526616
          ],
          [
            -76.6644058222957,
            39.59747455588991
          ],
          [
            -76.66460235464393,
            39.59733205112563
          ],
          [
            -76.66480372121612,
            39.59719361118675
          ],
          [
            -76.66500978044053,
            39.59705933342879
          ],
          [
            -76.66522038744627,
            39.59692931228081
          ],
          [
            -76.66543539416507,
            39.59680363917906
          ],
          [
            -76.66565464943545,
            39.596682402502466
          ],
          [
            -76.66587799910896,
            39.5965656875106
          ],
          [
            -76.66610528615855,
            39.59645357628353
          ],
          [
            -76.66633635078901,
            39.59634614766413
          ],
          [
            -76.6665710305492,
            39.59624347720255
          ],
          [
            -76.66680916044648,
            39.59614563710307
          ],
          [
            -76.66705057306241,
            39.59605269617324
          ],
          [
            -76.66729509867079,
            39.595964719775466
          ],
          [
            -76.6675425653567,
            39.595881769780995
          ],
          [
            -76.6678170891942,
            39.59576407261536
          ],
          [
            -76.66809494746762,
            39.59565111676208
          ],
          [
            -76.66837600227545,
            39.59554295830468
          ],
          [
            -76.66866011412962,
            39.595439650944996
          ],
          [
            -76.66894714202495,
            39.59534124597648
          ],
          [
            -76.66923694350893,
            39.59524779225869
          ],
          [
            -76.66952937475256,
            39.595159336193
          ],
          [
            -76.66982429062169,
            39.59507592169957
          ],
          [
            -76.67000947687087,
            39.59501670485768
          ],
          [
            -76.67019189228932,
            39.594952584354495
          ],
          [
            -76.6703713182797,
            39.59488363701531
          ],
          [
            -76.67054753982698,
            39.59480994544881
          ],
          [
            -76.67072034575621,
            39.59473159794822
          ],
          [
            -76.67088952898554,
            39.5946486883856
          ],
          [
            -76.67105488677439,
            39.59456131609934
          ],
          [
            -76.67121622096637,
            39.59446958577529
          ],
          [
            -76.67137333822679,
            39.59437360732131
          ],
          [
            -76.6715260502743,
            39.594273495735706
          ],
          [
            -76.67167417410653,
            39.59416937096945
          ],
          [
            -76.6718175322194,
            39.594061357782586
          ],
          [
            -76.67195595281983,
            39.59394958559476
          ],
          [
            -76.67208927003162,
            39.59383418833018
          ],
          [
            -76.67221732409418,
            39.59371530425735
          ],
          [
            -76.67233996155399,
            39.593593075823314
          ],
          [
            -76.67245703544862,
            39.5934676494831
          ],
          [
            -76.6725684054826,
            39.593339175524335
          ],
          [
            -76.67267393819574,
            39.593207807887154
          ],
          [
            -76.67277350712303,
            39.593073703979854
          ],
          [
            -76.6728669929461,
            39.59293702449034
          ],
          [
            -76.6729542836363,
            39.59279793319361
          ],
          [
            -76.67303527458888,
            39.5926565967556
          ],
          [
            -76.6731098687484,
            39.5925131845335
          ],
          [
            -76.67317797672504,
            39.59236786837288
          ],
          [
            -76.6732395169016,
            39.592220822401835
          ],
          [
            -76.67329441553152,
            39.59207222282233
          ],
          [
            -76.67683584263685,
            39.585405011328525
          ],
          [
            -76.67693581064871,
            39.585182629041654
          ],
          [
            -76.67702936865948,
            39.584958595579735
          ],
          [
            -76.67711647084745,
            39.58473302065161
          ],
          [
            -76.67719707455282,
            39.58450601472207
          ],
          [
            -76.67727114029853,
            39.584277688957734
          ],
          [
            -76.67733863180952,
            39.58404815517268
          ],
          [
            -76.67739951603069,
            39.58381752577367
          ],
          [
            -76.67745376314289,
            39.583585913705136
          ],
          [
            -76.67750134657769,
            39.58335343239386
          ],
          [
            -76.67760793938116,
            39.582630535479815
          ],
          [
            -76.67772066059675,
            39.58190818342569
          ],
          [
            -76.67783950540888,
            39.581186407109044
          ],
          [
            -76.67796446874037,
            39.58046523738381
          ],
          [
            -76.67809554525259,
            39.57974470507895
          ],
          [
            -76.67807792199338,
            39.579574421056
          ],
          [
            -76.67805367079839,
            39.579404621410674
          ],
          [
            -76.67802281355007,
            39.57923545936168
          ],
          [
            -76.67798537809175,
            39.579067087553526
          ],
          [
            -76.67794139820235,
            39.5788996579187
          ],
          [
            -76.67789091356612,
            39.57873332154067
          ],
          [
            -76.67783396973658,
            39.578568228517426
          ],
          [
            -76.67777061809565,
            39.578404527826066
          ],
          [
            -76.67770091580715,
            39.5782423671883
          ],
          [
            -76.6776249257652,
            39.578081892937185
          ],
          [
            -76.67754271653763,
            39.57792324988497
          ],
          [
            -76.67745436230389,
            39.577766581192414
          ],
          [
            -76.67735994278827,
            39.57761202823957
          ],
          [
            -76.67725954318797,
            39.577459730498155
          ],
          [
            -76.6771532540961,
            39.57730982540566
          ],
          [
            -76.67704117142002,
            39.57716244824125
          ],
          [
            -76.67692339629484,
            39.57701773200368
          ],
          [
            -76.6768000349921,
            39.57687580729121
          ],
          [
            -76.67667119882383,
            39.576736802183675
          ],
          [
            -76.67653700404222,
            39.5766008421269
          ],
          [
            -76.67639757173467,
            39.57646804981942
          ],
          [
            -76.67625302771457,
            39.57633854510168
          ],
          [
            -76.67610350240766,
            39.57621244484786
          ],
          [
            -76.67594913073448,
            39.57608986286038
          ],
          [
            -76.67579005198857,
            39.57597090976703
          ],
          [
            -76.67560164147746,
            39.5758289147444
          ],
          [
            -76.67541822218308,
            39.57568308860827
          ],
          [
            -76.67523992516179,
            39.575533535530184
          ],
          [
            -76.67506687780998,
            39.57538036234472
          ],
          [
            -76.67489920377308,
            39.57522367847321
          ],
          [
            -76.67473702285717,
            39.57506359584564
          ],
          [
            -76.67458045094342,
            39.574900228820795
          ],
          [
            -76.67442959990524,
            39.574733694104516
          ],
          [
            -76.67428457752841,
            39.57456411066643
          ],
          [
            -76.67414548743396,
            39.574391599654994
          ],
          [
            -76.67401242900428,
            39.57421628431104
          ],
          [
            -76.673885497312,
            39.574038289879695
          ],
          [
            -76.67376478305204,
            39.57385774352103
          ],
          [
            -76.6736503724769,
            39.5736747742192
          ],
          [
            -76.67354234733499,
            39.57348951269038
          ],
          [
            -76.67344078481221,
            39.57330209128941
          ],
          [
            -76.6733457574768,
            39.57311264391524
          ],
          [
            -76.67325733322741,
            39.57292130591535
          ],
          [
            -76.67317557524483,
            39.572728213989095
          ],
          [
            -76.67306843608226,
            39.572501170966895
          ],
          [
            -76.67295479957404,
            39.57227601198269
          ],
          [
            -76.67283472146914,
            39.57205284751608
          ],
          [
            -76.67270826067666,
            39.57183178706912
          ],
          [
            -76.67257547923695,
            39.57161293911248
          ],
          [
            -76.67243644229127,
            39.57139641103219
          ],
          [
            -76.67229121804974,
            39.57118230907701
          ],
          [
            -76.67213987775789,
            39.57097073830614
          ],
          [
            -76.67198249566177,
            39.57076180253771
          ],
          [
            -76.67181914897138,
            39.570555604297795
          ],
          [
            -76.67164991782303,
            39.57035224477005
          ],
          [
            -76.67147488523976,
            39.57015182374601
          ],
          [
            -76.67129413709081,
            39.56995443957613
          ],
          [
            -76.67110776204939,
            39.569760189121425
          ],
          [
            -76.66773270946155,
            39.56631565576019
          ],
          [
            -76.66754200167676,
            39.56610418944358
          ],
          [
            -76.66735711561863,
            39.56588967203381
          ],
          [
            -76.66717813336359,
            39.56567219873375
          ],
          [
            -76.66700513436724,
            39.56545186605896
          ],
          [
            -76.66683819542902,
            39.56522877179493
          ],
          [
            -76.66667739065814,
            39.565003014953724
          ],
          [
            -76.66652279144061,
            39.56477469573009
          ],
          [
            -76.66637446640773,
            39.56454391545695
          ],
          [
            -76.66623248140537,
            39.564310776560546
          ],
          [
            -76.66609689946496,
            39.564075382514964
          ],
          [
            -76.66596778077536,
            39.56383783779626
          ],
          [
            -76.66584518265621,
            39.56359824783611
          ],
          [
            -76.66572915953255,
            39.56335671897504
          ],
          [
            -76.66561976291047,
            39.56311335841525
          ],
          [
            -76.66551704135445,
            39.56286827417312
          ],
          [
            -76.66542104046563,
            39.56262157503116
          ],
          [
            -76.6653318028617,
            39.5623733704899
          ],
          [
            -76.66524936815789,
            39.562123770719225
          ],
          [
            -76.66517377294947,
            39.56187288650949
          ],
          [
            -76.66510505079538,
            39.56162082922239
          ],
          [
            -76.66504323220346,
            39.561367710741536
          ],
          [
            -76.66498834461684,
            39.56111364342283
          ],
          [
            -76.66494041240178,
            39.56085874004457
          ],
          [
            -76.66489945683678,
            39.56060311375742
          ],
          [
            -76.66486549610327,
            39.5603468780342
          ],
          [
            -76.66483854527746,
            39.560090146619515
          ],
          [
            -76.6648186163236,
            39.559833033479265
          ],
          [
            -76.66480571808873,
            39.559575652750105
          ],
          [
            -76.66479985629884,
            39.559318118688694
          ],
          [
            -76.66480103355605,
            39.55906054562108
          ],
          [
            -76.66480924933784,
            39.55880304789188
          ],
          [
            -76.66481970333787,
            39.55852663805413
          ],
          [
            -76.66483722553079,
            39.55825043981192
          ],
          [
            -76.66486180910148,
            39.557974560592314
          ],
          [
            -76.66489344448854,
            39.55769910769963
          ],
          [
            -76.66493211938771,
            39.557424188273586
          ],
          [
            -76.66497781875692,
            39.5571499092477
          ],
          [
            -76.66503052482192,
            39.556876377307695
          ],
          [
            -76.66509021708336,
            39.55660369884991
          ],
          [
            -76.66515687232467,
            39.55633197994
          ],
          [
            -76.6652304646211,
            39.556061326271596
          ],
          [
            -76.66531096534985,
            39.555791843125206
          ],
          [
            -76.66539834320112,
            39.55552363532725
          ],
          [
            -76.66549256419037,
            39.55525680720926
          ],
          [
            -76.66559359167155,
            39.55499146256729
          ],
          [
            -76.66571309423249,
            39.554665683828276
          ],
          [
            -76.66582601943654,
            39.55433851171945
          ],
          [
            -76.6659323400382,
            39.55401002515862
          ],
          [
            -76.66603203038547,
            39.55368030338174
          ],
          [
            -76.66612506642603,
            39.5533494259239
          ],
          [
            -76.66621142571304,
            39.55301747260007
          ],
          [
            -76.66629108741056,
            39.5526845234859
          ],
          [
            -76.6663640322986,
            39.552350658898405
          ],
          [
            -76.66643024277771,
            39.55201595937661
          ],
          [
            -76.66648970287325,
            39.551680505662105
          ],
          [
            -76.66654239823929,
            39.5513443786796
          ],
          [
            -76.66658831616198,
            39.5510076595174
          ],
          [
            -76.66662744556271,
            39.550670429407845
          ],
          [
            -76.66665977700069,
            39.55033276970773
          ],
          [
            -76.66668530267533,
            39.54999476187868
          ],
          [
            -76.66670401642801,
            39.549656487467495
          ],
          [
            -76.6667159137437,
            39.54931802808649
          ],
          [
            -76.66672099175187,
            39.54897946539379
          ],
          [
            -76.6667192492274,
            39.54864088107364
          ],
          [
            -76.66671068659068,
            39.548302356816706
          ],
          [
            -76.6664017026935,
            39.538533271811076
          ],
          [
            -76.6663641539461,
            39.538293791507506
          ],
          [
            -76.66631977579686,
            39.538055006162125
          ],
          [
            -76.66626858977045,
            39.53781703160048
          ],
          [
            -76.66621062069355,
            39.53757998325602
          ],
          [
            -76.66614589668283,
            39.537343976114116
          ],
          [
            -76.66607444913136,
            39.53710912465623
          ],
          [
            -76.66599631269317,
            39.5368755428044
          ],
          [
            -76.66591152526672,
            39.53664334386594
          ],
          [
            -76.66582012797639,
            39.536412640478474
          ],
          [
            -76.66572216515245,
            39.536183544555264
          ],
          [
            -76.6656176843097,
            39.53595616723089
          ],
          [
            -76.66550673612436,
            39.53573061880735
          ],
          [
            -76.6653893744095,
            39.53550700870048
          ],
          [
            -76.66526565608892,
            39.535285445386876
          ],
          [
            -76.6651356411696,
            39.53506603635127
          ],
          [
            -76.66499939271246,
            39.534848888034254
          ],
          [
            -76.66207593194272,
            39.53044936727824
          ],
          [
            -76.66194530187872,
            39.53023425407681
          ],
          [
            -76.661820793886,
            39.53001699115476
          ],
          [
            -76.66170246735453,
            39.529797682126144
          ],
          [
            -76.66159037872568,
            39.529576431581845
          ],
          [
            -76.66148458146539,
            39.52935334503966
          ],
          [
            -76.66138512603862,
            39.52912852889403
          ],
          [
            -76.66129205988537,
            39.5289020903653
          ],
          [
            -76.66120542739787,
            39.52867413744865
          ],
          [
            -76.66112526989957,
            39.528444778862564
          ],
          [
            -76.66105162562536,
            39.528214123997024
          ],
          [
            -76.66098452970333,
            39.527982282861345
          ],
          [
            -76.66092401413803,
            39.52774936603174
          ],
          [
            -76.66087010779522,
            39.52751548459859
          ],
          [
            -76.66082283638804,
            39.527280750113455
          ],
          [
            -76.6607822224648,
            39.52704527453591
          ],
          [
            -76.66074828539828,
            39.52680917018013
          ],
          [
            -76.6607210413763,
            39.526572549661374
          ],
          [
            -76.6607005033942,
            39.52633552584223
          ],
          [
            -76.66068668124855,
            39.52609821177879
          ],
          [
            -76.66067958153243,
            39.525860720666785
          ],
          [
            -76.66067920763243,
            39.525623165787515
          ],
          [
            -76.66068555972686,
            39.52538566045391
          ],
          [
            -76.66069863478583,
            39.525148317956386
          ],
          [
            -76.66071842657254,
            39.524911251508854
          ],
          [
            -76.66074492564637,
            39.524674574194734
          ],
          [
            -76.66179071688093,
            39.51792754034248
          ],
          [
            -76.66186165038631,
            39.51756015922263
          ],
          [
            -76.66193865929685,
            39.5171935048547
          ],
          [
            -76.66202173105533,
            39.51682763703789
          ],
          [
            -76.66211085211594,
            39.51646261544407
          ],
          [
            -76.6622060079465,
            39.51609849960802
          ],
          [
            -76.66230718303076,
            39.51573534891774
          ],
          [
            -76.66241436087094,
            39.51537322260473
          ],
          [
            -76.6625275239905,
            39.51501217973434
          ],
          [
            -76.66421504956996,
            39.50956617649406
          ],
          [
            -76.66436542943997,
            39.509175129510666
          ],
          [
            -76.66452166890838,
            39.50878545016201
          ],
          [
            -76.66468374702096,
            39.508397190733874
          ],
          [
            -76.66485164204047,
            39.50801040332236
          ],
          [
            -76.66502533144944,
            39.50762513982695
          ],
          [
            -76.66520479195336,
            39.50724145194349
          ],
          [
            -76.66538999948365,
            39.506859391157285
          ],
          [
            -76.66558092920103,
            39.50647900873612
          ],
          [
            -76.66577755549875,
            39.506100355723426
          ],
          [
            -76.66597985200605,
            39.505723482931394
          ],
          [
            -76.6661877915917,
            39.50534844093414
          ],
          [
            -76.66633029964973,
            39.50511132001787
          ],
          [
            -76.66646662964948,
            39.50487204557888
          ],
          [
            -76.66659672699943,
            39.504630713409675
          ],
          [
            -76.66672053960386,
            39.50438742012754
          ],
          [
            -76.66683801788363,
            39.50414226313597
          ],
          [
            -76.66694911479621,
            39.503895340585544
          ],
          [
            -76.6670537858543,
            39.503646751334834
          ],
          [
            -76.66715198914378,
            39.50339659491072
          ],
          [
            -76.66724368534045,
            39.50314497146859
          ],
          [
            -76.66732883772582,
            39.50289198175232
          ],
          [
            -76.66740741220177,
            39.50263772705389
          ],
          [
            -76.66747937730419,
            39.502382309172845
          ],
          [
            -76.66754470421562,
            39.5021258303756
          ],
          [
            -76.66760336677679,
            39.501868393354485
          ],
          [
            -76.66765534149705,
            39.50161010118662
          ],
          [
            -76.66770060756384,
            39.501351057292716
          ],
          [
            -76.66773914685096,
            39.50109136539558
          ],
          [
            -76.66777094392586,
            39.5008311294787
          ],
          [
            -76.66779598605586,
            39.5005704537445
          ],
          [
            -76.66781426321316,
            39.50030944257276
          ],
          [
            -76.66782576807891,
            39.5000482004787
          ],
          [
            -76.66783049604615,
            39.499786832071216
          ],
          [
            -76.6678284452216,
            39.49952544201095
          ],
          [
            -76.66781961642656,
            39.49926413496839
          ],
          [
            -76.6678040131963,
            39.49900301558198
          ],
          [
            -76.666734454291,
            39.489997387274634
          ],
          [
            -76.66643553358209,
            39.488440737490194
          ],
          [
            -76.66613157957846,
            39.48688463348832
          ],
          [
            -76.6658225941735,
            39.485329085001936
          ],
          [
            -76.66550857929198,
            39.48377410176114
          ],
          [
            -76.6651895368899,
            39.48221969349315
          ],
          [
            -76.66281273977391,
            39.47038639178528
          ],
          [
            -76.66275857906807,
            39.47009153000317
          ],
          [
            -76.66269756557898,
            39.469797465607364
          ],
          [
            -76.66262971899681,
            39.469504293508436
          ],
          [
            -76.66255506121684,
            39.46921210833011
          ],
          [
            -76.66247361633245,
            39.4689210043788
          ],
          [
            -76.66238541062737,
            39.46863107561308
          ],
          [
            -76.66229047256715,
            39.46834241561342
          ],
          [
            -76.66218883279001,
            39.468055117551906
          ],
          [
            -76.66208052409685,
            39.467769274162194
          ],
          [
            -76.66196558144088,
            39.467484977709546
          ],
          [
            -76.66184404191607,
            39.46720231996101
          ],
          [
            -76.66171594474547,
            39.4669213921558
          ],
          [
            -76.66158133126822,
            39.466642284975826
          ],
          [
            -76.66144024492657,
            39.46636508851641
          ],
          [
            -76.6612927312515,
            39.46608989225716
          ],
          [
            -76.6611388378484,
            39.46581678503305
          ],
          [
            -76.6609786143813,
            39.46554585500577
          ],
          [
            -76.66081211255724,
            39.465277189635216
          ],
          [
            -76.66063938610928,
            39.46501087565122
          ],
          [
            -76.66046049077931,
            39.46474699902552
          ],
          [
            -76.66027548430009,
            39.464485644944034
          ],
          [
            -76.66008442637643,
            39.46422689777926
          ],
          [
            -76.65988737866614,
            39.46397084106307
          ],
          [
            -76.65968440476003,
            39.46371755745968
          ],
          [
            -76.65947557016136,
            39.46346712873894
          ],
          [
            -76.6592609422648,
            39.46321963574991
          ],
          [
            -76.65904059033457,
            39.462975158394734
          ],
          [
            -76.65881458548218,
            39.4627337756028
          ],
          [
            -76.65858300064338,
            39.46249556530524
          ],
          [
            -76.65834591055473,
            39.462260604409714
          ],
          [
            -76.6581033917294,
            39.4620289687756
          ],
          [
            -76.65785552243254,
            39.46180073318939
          ],
          [
            -76.657602382656,
            39.46157597134061
          ],
          [
            -76.65734405409243,
            39.46135475579789
          ],
          [
            -76.6570806201091,
            39.46113715798558
          ],
          [
            -76.65681216572081,
            39.46092324816063
          ],
          [
            -76.65653877756257,
            39.46071309538987
          ],
          [
            -76.65626054386163,
            39.46050676752768
          ],
          [
            -76.65597755440888,
            39.46030433119403
          ],
          [
            -76.65568990053012,
            39.46010585175298
          ],
          [
            -76.65539767505632,
            39.459911393291485
          ],
          [
            -76.65510097229388,
            39.45972101859873
          ],
          [
            -76.65479988799399,
            39.45953478914575
          ],
          [
            -76.65449451932197,
            39.45935276506563
          ],
          [
            -76.65418496482569,
            39.459175005134
          ],
          [
            -76.65368573219216,
            39.458912656593405
          ],
          [
            -76.65318983184089,
            39.45864656634517
          ],
          [
            -76.6526973107898,
            39.45837675957544
          ],
          [
            -76.65220821573645,
            39.45810326182242
          ],
          [
            -76.65172259305346,
            39.45782609897399
          ],
          [
            -76.65124048878438,
            39.45754529726525
          ],
          [
            -76.65076194863907,
            39.45726088327608
          ],
          [
            -76.65028701798946,
            39.456972883928586
          ],
          [
            -76.6398528775947,
            39.45089833914405
          ],
          [
            -76.63962081570129,
            39.45074657566208
          ],
          [
            -76.63939333361274,
            39.45059073235631
          ],
          [
            -76.63917055157738,
            39.45043089157927
          ],
          [
            -76.63895258735906,
            39.45026713779648
          ],
          [
            -76.6387395561749,
            39.45009955754182
          ],
          [
            -76.63853157063438,
            39.449928239371864
          ],
          [
            -76.63832874067987,
            39.44975327381912
          ],
          [
            -76.63813117352841,
            39.44957475334423
          ],
          [
            -76.63793897361509,
            39.44939277228716
          ],
          [
            -76.63775224253796,
            39.44920742681739
          ],
          [
            -76.63757107900403,
            39.449018814883104
          ],
          [
            -76.63739557877742,
            39.44882703615952
          ],
          [
            -76.63722583462854,
            39.44863219199623
          ],
          [
            -76.63706193628511,
            39.44843438536367
          ],
          [
            -76.63690397038471,
            39.44823372079873
          ],
          [
            -76.63675202042904,
            39.448030304349636
          ],
          [
            -76.6366061667397,
            39.44782424351982
          ],
          [
            -76.63646648641576,
            39.44761564721122
          ],
          [
            -76.63633305329303,
            39.44740462566677
          ],
          [
            -76.63620593790503,
            39.4471912904121
          ],
          [
            -76.63608520744566,
            39.44697575419671
          ],
          [
            -76.63597092573374,
            39.44675813093437
          ],
          [
            -76.63586315317926,
            39.44653853564295
          ],
          [
            -76.63576194675133,
            39.446317084383686
          ],
          [
            -76.6356673599483,
            39.44609389419981
          ],
          [
            -76.63557944276928,
            39.44586908305479
          ],
          [
            -76.63549824168778,
            39.445642769769954
          ],
          [
            -76.63542379962716,
            39.44541507396173
          ],
          [
            -76.63535615593788,
            39.44518611597848
          ],
          [
            -76.63529534637685,
            39.444956016836834
          ],
          [
            -76.63524140308829,
            39.4447248981578
          ],
          [
            -76.63519435458694,
            39.44449288210251
          ],
          [
            -76.63367320409456,
            39.43698545015476
          ],
          [
            -76.63363138968595,
            39.43673710300706
          ],
          [
            -76.63359631289728,
            39.43648813359928
          ],
          [
            -76.63356798908826,
            39.43623865094567
          ],
          [
            -76.63354643066143,
            39.43598876428635
          ],
          [
            -76.63353164705698,
            39.43573858303956
          ],
          [
            -76.63352364474842,
            39.435488216753676
          ],
          [
            -76.6335224272399,
            39.435237775059306
          ],
          [
            -76.63352799506448,
            39.434987367621225
          ],
          [
            -76.63354034578416,
            39.43473710409043
          ],
          [
            -76.63355947399067,
            39.43448709405607
          ],
          [
            -76.63358537130804,
            39.434237446997436
          ],
          [
            -76.6336180263962,
            39.43398827223609
          ],
          [
            -76.63365742495594,
            39.433739678887946
          ],
          [
            -76.63370354973516,
            39.43349177581545
          ],
          [
            -76.63375638053644,
            39.43324467157992
          ],
          [
            -76.63381589422589,
            39.432998474394054
          ],
          [
            -76.63388206474328,
            39.43275329207442
          ],
          [
            -76.63395486311343,
            39.43250923199433
          ],
          [
            -76.63403425745895,
            39.43226640103669
          ],
          [
            -76.63412021301413,
            39.43202490554734
          ],
          [
            -76.63421269214021,
            39.43178485128828
          ],
          [
            -76.6343116543418,
            39.431546343391446
          ],
          [
            -76.63441705628472,
            39.43130948631263
          ],
          [
            -76.63452885181493,
            39.431074383785685
          ],
          [
            -76.6380702791634,
            39.42407958686013
          ],
          [
            -76.64016740505551,
            39.41992085696344
          ]
        ]
      },
      "properties": {
        "OBJECTID": 1,
        "Contract_N": "BA6375324",
        "SHAPE_Leng": 121738.027328,
        "OID_": 21,
        "CONTRACT_1": "BA6375324",
        "FAP": "S",
        "DISTRICT": 4,
        "AD_DATE": "08/16/2016",
        "PROJECT_CO": "Baltimore",
        "PROJECT_LI": "Phase 1   Along I-83 Corridor from the I-695 split to the MD/PA Line",
        "CONTRACT_D": "12/2016-6/2019",
        "FY_EXPENDI": "17 - 19",
        "COMMENTS": "What is status of JPA?",
        "FY_AD_DATE": 2017,
        "STATUS": "IN DESIGN",
        "PROJ_VALUE": "$1,490,000",
        "Completion": ""
      }
    },
    {
      "type": "Feature",
      "geometry": {
        "type": "LineString",
        "coordinates": [
          [
            -76.6624940467897,
            39.4689916941013
          ],
          [
            -76.66243691164946,
            39.469146953454974
          ],
          [
            -76.66237326192112,
            39.46930069493553
          ],
          [
            -76.66230316502542,
            39.46945275570338
          ],
          [
            -76.66222669521224,
            39.46960297470025
          ],
          [
            -76.66214393348201,
            39.46975119281963
          ],
          [
            -76.6620549674998,
            39.46989725307524
          ],
          [
            -76.66195989150249,
            39.470041000767345
          ],
          [
            -76.66185880619904,
            39.470182283646494
          ],
          [
            -76.66175181866367,
            39.47032095207473
          ],
          [
            -76.66163904222259,
            39.47045685918409
          ],
          [
            -76.66152059633383,
            39.470589861031996
          ],
          [
            -76.66139660646081,
            39.47071981675379
          ],
          [
            -76.66126720393939,
            39.470846588711744
          ],
          [
            -76.66113252583871,
            39.47097004264087
          ],
          [
            -76.6609927148161,
            39.47109004779101
          ],
          [
            -76.66084791896594,
            39.47120647706531
          ],
          [
            -76.66069829166267,
            39.471319207154686
          ],
          [
            -76.66054399139854,
            39.47142811866846
          ],
          [
            -76.66038518161557,
            39.47153309626068
          ],
          [
            -76.66022203053244,
            39.47163402875224
          ],
          [
            -76.65997843732349,
            39.47178586657944
          ],
          [
            -76.65973063230372,
            39.47193358703892
          ],
          [
            -76.65947873222355,
            39.472077120560364
          ],
          [
            -76.65922285576278,
            39.47221639954576
          ],
          [
            -76.6589631234746,
            39.47235135840115
          ],
          [
            -76.65869965772886,
            39.472481933567614
          ],
          [
            -76.65843258265433,
            39.472608063551
          ],
          [
            -76.65816202408035,
            39.47272968895099
          ],
          [
            -76.6578881094774,
            39.472846752488984
          ],
          [
            -76.65761096789716,
            39.472959199034996
          ],
          [
            -76.6573307299116,
            39.47306697563368
          ],
          [
            -76.65704752755163,
            39.473170031529165
          ],
          [
            -76.65676149424469,
            39.47326831818895
          ],
          [
            -76.65647276475202,
            39.473361789326745
          ],
          [
            -76.6561814751052,
            39.47345040092419
          ],
          [
            -76.65601076477478,
            39.47349482866156
          ],
          [
            -76.65584238980364,
            39.47354428240661
          ],
          [
            -76.65567659842966,
            39.47359868923825
          ],
          [
            -76.65551363508169,
            39.47365796893211
          ],
          [
            -76.65535374001922,
            39.47372203407884
          ],
          [
            -76.65519714897806,
            39.47379079021311
          ],
          [
            -76.6550440928229,
            39.47386413595287
          ],
          [
            -76.65489479720688,
            39.473941963149024
          ],
          [
            -76.65474948223888,
            39.474024157044845
          ],
          [
            -76.65460836215911,
            39.47411059644529
          ],
          [
            -76.65447164502311,
            39.47420115389581
          ],
          [
            -76.65433953239514,
            39.47429569587029
          ],
          [
            -76.65421221905098,
            39.47439408296804
          ],
          [
            -76.6540898926907,
            39.47449617011939
          ],
          [
            -76.65398299711435,
            39.47458659452658
          ],
          [
            -76.65387090622288,
            39.474673189354604
          ],
          [
            -76.65375385001212,
            39.47475577693686
          ],
          [
            -76.65363206866607,
            39.47483418782901
          ],
          [
            -76.65350581206407,
            39.47490826115658
          ],
          [
            -76.65337533926808,
            39.474977844944895
          ],
          [
            -76.65324091799123,
            39.475042796430834
          ],
          [
            -76.65310282404828,
            39.47510298235563
          ],
          [
            -76.65296134078993,
            39.475158279238165
          ],
          [
            -76.65281675852125,
            39.47520857362827
          ],
          [
            -76.65266937390611,
            39.47525376233943
          ],
          [
            -76.65251948935838,
            39.475293752660335
          ],
          [
            -76.65236741242155,
            39.47532846254515
          ],
          [
            -76.6522134551375,
            39.47535782078167
          ],
          [
            -76.65205793340641,
            39.475381767137485
          ],
          [
            -76.65190116633845,
            39.47540025248339
          ],
          [
            -76.65174347559909,
            39.475413238894276
          ],
          [
            -76.65158518474907,
            39.4754206997268
          ],
          [
            -76.65142661858043,
            39.47542261967408
          ],
          [
            -76.65126810245015,
            39.47541899479711
          ],
          [
            -76.65110996161253,
            39.47540983253281
          ],
          [
            -76.65095252055187,
            39.47539515167873
          ],
          [
            -76.64959774690553,
            39.47535845809264
          ],
          [
            -76.6493527581145,
            39.47534214443236
          ],
          [
            -76.64910841346968,
            39.475320838524276
          ],
          [
            -76.64886488367695,
            39.47529455524868
          ],
          [
            -76.6486223388729,
            39.47526331296218
          ],
          [
            -76.64838094850596,
            39.475227133484786
          ],
          [
            -76.64814088121803,
            39.475186042084836
          ],
          [
            -76.64790230472671,
            39.47514006746119
          ],
          [
            -76.64766538570808,
            39.475089241723374
          ],
          [
            -76.64743028968023,
            39.47503360036902
          ],
          [
            -76.6471971808877,
            39.474973182259184
          ],
          [
            -76.6446516317369,
            39.474426452462914
          ],
          [
            -76.64449373374352,
            39.474394264786675
          ],
          [
            -76.6443342186963,
            39.47436724226867
          ],
          [
            -76.64417337003226,
            39.474345432930356
          ],
          [
            -76.64401147355811,
            39.474328875528975
          ],
          [
            -76.64384881694234,
            39.474317599488565
          ],
          [
            -76.64368568920418,
            39.474311624847715
          ],
          [
            -76.64352238019991,
            39.47431096222397
          ],
          [
            -76.64335918010791,
            39.47431561279484
          ],
          [
            -76.64319637891306,
            39.474325568295825
          ],
          [
            -76.64303426589146,
            39.47434081103506
          ],
          [
            -76.64287312909639,
            39.47436131392476
          ],
          [
            -76.64271325484651,
            39.47438704052937
          ],
          [
            -76.6425549272171,
            39.47441794513037
          ],
          [
            -76.64239842753535,
            39.474453972807545
          ],
          [
            -76.64221389499802,
            39.474519972708855
          ],
          [
            -76.64202671405098,
            39.47458136818168
          ],
          [
            -76.64183707744822,
            39.474638096014885
          ],
          [
            -76.64164518047237,
            39.47469009780313
          ],
          [
            -76.64145122073384,
            39.474737320007044
          ],
          [
            -76.64125539796716,
            39.474779714008214
          ],
          [
            -76.64105791382538,
            39.47481723615931
          ]
        ]
      },
      "properties": {
        "OBJECTID": 2,
        "Contract_N": "BA6375324",
        "SHAPE_Leng": 7066.88152508,
        "OID_": 21,
        "CONTRACT_1": "BA6375324",
        "FAP": "S",
        "DISTRICT": 4,
        "AD_DATE": "08/16/2016",
        "PROJECT_CO": "Baltimore",
        "PROJECT_LI": "Phase 1   Along I-83 Corridor from the I-695 split to the MD/PA Line",
        "CONTRACT_D": "12/2016-6/2019",
        "FY_EXPENDI": "17 - 19",
        "COMMENTS": "What is status of JPA?",
        "FY_AD_DATE": 2017,
        "STATUS": "IN DESIGN",
        "PROJ_VALUE": "$1,490,000",
        "Completion": ""
      }
    }
  ]
}